 2.999999933E-002 2.610900104E-001
 3.500000015E-002 2.611599863E-001
 3.999999911E-002 2.612399757E-001
 4.500000179E-002 2.613199949E-001
 5.000000075E-002 2.613999844E-001
 5.499999970E-002 2.614700198E-001
 5.999999866E-002 2.615500093E-001
 6.499999762E-002 2.616100013E-001
 7.000000030E-002 2.616699934E-001
 7.500000298E-002 2.617200017E-001
 7.999999821E-002 2.617599964E-001
 8.500000089E-002 2.618000209E-001
 9.000000358E-002 2.618300021E-001
 9.499999881E-002 2.618599832E-001
 1.000000015E-001 2.618800104E-001
 1.049999967E-001 2.618899941E-001
 1.099999994E-001 2.619000077E-001
 1.150000021E-001 2.618899941E-001
 1.199999973E-001 2.618899941E-001
 1.250000000E-001 2.618800104E-001
 1.299999952E-001 2.618699968E-001
 1.350000054E-001 2.618599832E-001
 1.400000006E-001 2.618399858E-001
 1.449999958E-001 2.618200183E-001
 1.500000060E-001 2.618000209E-001
 1.550000012E-001 2.617799938E-001
 1.599999964E-001 2.617599964E-001
 1.650000066E-001 2.617499828E-001
 1.700000018E-001 2.617399991E-001
 1.749999970E-001 2.617399991E-001
 1.800000072E-001 2.617499828E-001
 1.850000024E-001 2.617700100E-001
 1.899999976E-001 2.618100047E-001
 1.949999928E-001 2.618699968E-001
 2.000000030E-001 2.619499862E-001
 2.049999982E-001 2.620700002E-001
 2.099999934E-001 2.622199953E-001
 2.150000036E-001 2.624199986E-001
 2.199999988E-001 2.626599967E-001
 2.249999940E-001 2.629500031E-001
 2.300000042E-001 2.633099854E-001
 2.349999994E-001 2.637299895E-001
 2.399999946E-001 2.642199993E-001
 2.450000048E-001 2.648000121E-001
 2.500000000E-001 2.654699981E-001
 2.549999952E-001 2.662299871E-001
 2.599999905E-001 2.670899928E-001
 2.649999857E-001 2.680799961E-001
 2.700000107E-001 2.691700161E-001
 2.750000060E-001 2.703999877E-001
 2.800000012E-001 2.717599869E-001
 2.849999964E-001 2.732500136E-001
 2.899999917E-001 2.749000192E-001
 2.949999869E-001 2.766900063E-001
 3.000000119E-001 2.786599994E-001
 3.050000072E-001 2.807900012E-001
 3.100000024E-001 2.830699980E-001
 3.149999976E-001 2.855499983E-001
 3.199999928E-001 2.881999910E-001
 3.249999881E-001 2.910600007E-001
 3.300000131E-001 2.940900028E-001
 3.350000083E-001 2.973099947E-001
 3.400000036E-001 3.007400036E-001
 3.449999988E-001 3.043799996E-001
 3.499999940E-001 3.081800044E-001
 3.549999893E-001 3.122299910E-001
 3.600000143E-001 3.164599836E-001
 3.650000095E-001 3.208900094E-001
 3.700000048E-001 3.255400062E-001
 3.750000000E-001 3.304100037E-001
 3.799999952E-001 3.354400098E-001
 3.849999905E-001 3.407399952E-001
 3.899999857E-001 3.461900055E-001
 3.950000107E-001 3.518599868E-001
 4.000000060E-001 3.577499986E-001
 4.050000012E-001 3.638499975E-001
 4.099999964E-001 3.700799942E-001
 4.149999917E-001 3.765199780E-001
 4.199999869E-001 3.831599951E-001
 4.250000119E-001 3.900099993E-001
 4.300000072E-001 3.970600069E-001
 4.350000024E-001 4.042099714E-001
 4.399999976E-001 4.115599990E-001
 4.449999928E-001 4.190899730E-001
 4.499999881E-001 4.268200099E-001
 4.550000131E-001 4.346100092E-001
 4.600000083E-001 4.427000284E-001
 4.650000036E-001 4.508500099E-001
 4.699999988E-001 4.591700137E-001
 4.749999940E-001 4.675299823E-001
 4.799999893E-001 4.761700034E-001
 4.850000143E-001 4.848500192E-001
 4.900000095E-001 4.936800003E-001
 4.950000048E-001 5.026499629E-001
 5.000000000E-001 5.116299987E-001
 5.049999952E-001 5.207400322E-001
 5.099999905E-001 5.301300287E-001
 5.149999857E-001 5.393500328E-001
 5.199999809E-001 5.488499999E-001
 5.249999762E-001 5.584700108E-001
 5.299999714E-001 5.680400133E-001
 5.350000262E-001 5.777199864E-001
 5.400000215E-001 5.875099897E-001
 5.450000167E-001 5.974000096E-001
 5.500000119E-001 6.072100401E-001
 5.550000072E-001 6.171100140E-001
 5.600000024E-001 6.270999908E-001
 5.649999976E-001 6.371700168E-001
 5.699999928E-001 6.473199725E-001
 5.749999881E-001 6.575599909E-001
 5.799999833E-001 6.676599979E-001
 5.849999785E-001 6.778399944E-001
 5.899999738E-001 6.880800128E-001
 5.950000286E-001 6.983799934E-001
 6.000000238E-001 7.085300088E-001
 6.050000191E-001 7.189399600E-001
 6.100000143E-001 7.291899920E-001
 6.150000095E-001 7.394900322E-001
 6.200000048E-001 7.498300076E-001
 6.250000000E-001 7.602099776E-001
 6.299999952E-001 7.706399560E-001
 6.349999905E-001 7.808600068E-001
 6.399999857E-001 7.911199927E-001
 6.449999809E-001 8.016400337E-001
 6.499999762E-001 8.119499683E-001
 6.549999714E-001 8.222899437E-001
 6.600000262E-001 8.323999643E-001
 6.650000215E-001 8.427799344E-001
 6.700000167E-001 8.529300094E-001
 6.750000119E-001 8.633399606E-001
 6.800000072E-001 8.735100031E-001
 6.850000024E-001 8.836900592E-001
 6.899999976E-001 8.938800097E-001
 6.949999928E-001 9.040700197E-001
 6.999999881E-001 9.140099883E-001
 7.049999833E-001 9.242099524E-001
 7.099999785E-001 9.341499805E-001
 7.149999738E-001 9.440900087E-001
 7.200000286E-001 9.542900324E-001
 7.250000238E-001 9.642100334E-001
 7.300000191E-001 9.741300344E-001
 7.350000143E-001 9.837700129E-001
 7.400000095E-001 9.936800003E-001
 7.450000048E-001 1.003600001E+000
 7.500000000E-001 1.013199925E+000
 7.549999952E-001 1.023000002E+000
 7.599999905E-001 1.032600045E+000
 7.649999857E-001 1.042199969E+000
 7.699999809E-001 1.051699996E+000
 7.749999762E-001 1.061200023E+000
 7.799999714E-001 1.070700049E+000
 7.850000262E-001 1.080199957E+000
 7.900000215E-001 1.089699984E+000
 7.950000167E-001 1.099099994E+000
 8.000000119E-001 1.108299971E+000
 8.050000072E-001 1.117700100E+000
 8.100000024E-001 1.126699924E+000
 8.149999976E-001 1.136100054E+000
 8.199999928E-001 1.145099998E+000
 8.249999881E-001 1.154099941E+000
 8.299999833E-001 1.163100004E+000
 8.349999785E-001 1.172000051E+000
 8.399999738E-001 1.180999994E+000
 8.450000286E-001 1.189800024E+000
 8.500000238E-001 1.198700070E+000
 8.550000191E-001 1.207499981E+000
 8.600000143E-001 1.215999961E+000
 8.650000095E-001 1.224799991E+000
 8.700000048E-001 1.233500004E+000
 8.750000000E-001 1.241999984E+000
 8.799999952E-001 1.250599980E+000
 8.849999905E-001 1.258999944E+000
 8.899999857E-001 1.267300010E+000
 8.949999809E-001 1.275900006E+000
 8.999999762E-001 1.284099936E+000
 9.049999714E-001 1.292299986E+000
 9.100000262E-001 1.300500035E+000
 9.150000215E-001 1.308599949E+000
 9.200000167E-001 1.316699982E+000
 9.250000119E-001 1.324800014E+000
 9.300000072E-001 1.332800031E+000
 9.350000024E-001 1.340799928E+000
 9.399999976E-001 1.348800063E+000
 9.449999928E-001 1.356400013E+000
 9.499999881E-001 1.364300013E+000
 9.549999833E-001 1.372099996E+000
 9.599999785E-001 1.379999995E+000
 9.649999738E-001 1.387400031E+000
 9.700000286E-001 1.395200014E+000
 9.750000238E-001 1.402600050E+000
 9.800000191E-001 1.410200000E+000
 9.850000143E-001 1.417600036E+000
 9.900000095E-001 1.424899936E+000
 9.950000048E-001 1.432399988E+000
 1.000000000E+000 1.439599991E+000
 1.004999995E+000 1.446799994E+000
 1.009999990E+000 1.454299927E+000
 1.014999986E+000 1.461400032E+000
 1.019999981E+000 1.468400002E+000
 1.024999976E+000 1.475499988E+000
 1.029999971E+000 1.482500076E+000
 1.034999967E+000 1.489699960E+000
 1.039999962E+000 1.496700048E+000
 1.044999957E+000 1.503600001E+000
 1.049999952E+000 1.510399938E+000
 1.054999948E+000 1.517199993E+000
 1.059999943E+000 1.524000049E+000
 1.065000057E+000 1.530700088E+000
 1.070000052E+000 1.537100077E+000
 1.075000048E+000 1.543799996E+000
 1.080000043E+000 1.550400019E+000
 1.085000038E+000 1.557000041E+000
 1.090000033E+000 1.563500047E+000
 1.095000029E+000 1.570100069E+000
 1.100000024E+000 1.576200128E+000
 1.105000019E+000 1.582699895E+000
 1.110000014E+000 1.589099884E+000
 1.115000010E+000 1.595399976E+000
 1.120000005E+000 1.601500034E+000
 1.125000000E+000 1.607800007E+000
 1.129999995E+000 1.613999963E+000
 1.134999990E+000 1.619899988E+000
 1.139999986E+000 1.626100063E+000
 1.144999981E+000 1.632299900E+000
 1.149999976E+000 1.638100028E+000
 1.154999971E+000 1.644200087E+000
 1.159999967E+000 1.649899960E+000
 1.164999962E+000 1.655900121E+000
 1.169999957E+000 1.661599994E+000
 1.174999952E+000 1.667499900E+000
 1.179999948E+000 1.673400044E+000
 1.184999943E+000 1.678999901E+000
 1.190000057E+000 1.684800029E+000
 1.195000052E+000 1.690299988E+000
 1.200000048E+000 1.695799947E+000
 1.205000043E+000 1.701500058E+000
 1.210000038E+000 1.706900120E+000
 1.215000033E+000 1.712599993E+000
 1.220000029E+000 1.717900038E+000
 1.225000024E+000 1.723499894E+000
 1.230000019E+000 1.728699923E+000
 1.235000014E+000 1.734200120E+000
 1.240000010E+000 1.739400029E+000
 1.245000005E+000 1.744600058E+000
 1.250000000E+000 1.750000000E+000
 1.254999995E+000 1.755100131E+000
 1.259999990E+000 1.760099888E+000
 1.264999986E+000 1.765500069E+000
 1.269999981E+000 1.770399928E+000
 1.274999976E+000 1.775699973E+000
 1.279999971E+000 1.780599952E+000
 1.284999967E+000 1.785500050E+000
 1.289999962E+000 1.790700078E+000
 1.294999957E+000 1.795500040E+000
 1.299999952E+000 1.800300002E+000
 1.304999948E+000 1.805299997E+000
 1.309999943E+000 1.810000062E+000
 1.315000057E+000 1.814700007E+000
 1.320000052E+000 1.819700003E+000
 1.325000048E+000 1.824300051E+000
 1.330000043E+000 1.828899980E+000
 1.335000038E+000 1.833800077E+000
 1.340000033E+000 1.838299990E+000
 1.345000029E+000 1.842800021E+000
 1.350000024E+000 1.847599983E+000
 1.355000019E+000 1.851999998E+000
 1.360000014E+000 1.856400013E+000
 1.365000010E+000 1.861100078E+000
 1.370000005E+000 1.865499973E+000
 1.375000000E+000 1.869799972E+000
 1.379999995E+000 1.874400020E+000
 1.384999990E+000 1.878600001E+000
 1.389999986E+000 1.882899880E+000
 1.394999981E+000 1.887400031E+000
 1.399999976E+000 1.891499996E+000
 1.404999971E+000 1.895699978E+000
 1.409999967E+000 1.900100112E+000
 1.414999962E+000 1.904200077E+000
 1.419999957E+000 1.908200026E+000
 1.424999952E+000 1.912500024E+000
 1.429999948E+000 1.916499972E+000
 1.434999943E+000 1.920499921E+000
 1.440000057E+000 1.924699903E+000
 1.445000052E+000 1.928599954E+000
 1.450000048E+000 1.932800055E+000
 1.455000043E+000 1.936600089E+000
 1.460000038E+000 1.940500021E+000
 1.465000033E+000 1.944599986E+000
 1.470000029E+000 1.948300123E+000
 1.475000024E+000 1.952400088E+000
 1.480000019E+000 1.956100106E+000
 1.485000014E+000 1.960000038E+000
 1.490000010E+000 1.963699937E+000
 1.495000005E+000 1.967299938E+000
 1.500000000E+000 1.971199989E+000
 1.504999995E+000 1.974799991E+000
 1.509999990E+000 1.978600025E+000
 1.514999986E+000 1.982200027E+000
 1.519999981E+000 1.985899925E+000
 1.524999976E+000 1.989400029E+000
 1.529999971E+000 1.993100047E+000
 1.534999967E+000 1.996600032E+000
 1.539999962E+000 2.000200033E+000
 1.544999957E+000 2.003600121E+000
 1.549999952E+000 2.007300138E+000
 1.554999948E+000 2.010499954E+000
 1.559999943E+000 2.014100075E+000
 1.565000057E+000 2.017400026E+000
 1.570000052E+000 2.020900011E+000
 1.575000048E+000 2.024399996E+000
 1.580000043E+000 2.027600050E+000
 1.585000038E+000 2.030999899E+000
 1.590000033E+000 2.034199953E+000
 1.595000029E+000 2.037600040E+000
 1.600000024E+000 2.041000128E+000
 1.605000019E+000 2.043999910E+000
 1.610000014E+000 2.047299862E+000
 1.615000010E+000 2.050600052E+000
 1.620000005E+000 2.053600073E+000
 1.625000000E+000 2.056900024E+000
 1.629999995E+000 2.060100079E+000
 1.634999990E+000 2.062999964E+000
 1.639999986E+000 2.066100121E+000
 1.644999981E+000 2.069299936E+000
 1.649999976E+000 2.072400093E+000
 1.654999971E+000 2.075299978E+000
 1.659999967E+000 2.078399897E+000
 1.664999962E+000 2.081400156E+000
 1.669999957E+000 2.084399939E+000
 1.674999952E+000 2.087499857E+000
 1.679999948E+000 2.090100050E+000
 1.684999943E+000 2.093100071E+000
 1.690000057E+000 2.095999956E+000
 1.695000052E+000 2.098900080E+000
 1.700000048E+000 2.101799965E+000
 1.705000043E+000 2.104699850E+000
 1.710000038E+000 2.107500076E+000
 1.715000033E+000 2.110399961E+000
 1.720000029E+000 2.112900019E+000
 1.725000024E+000 2.115700006E+000
 1.730000019E+000 2.118499994E+000
 1.735000014E+000 2.121200085E+000
 1.740000010E+000 2.123899937E+000
 1.745000005E+000 2.126600027E+000
 1.750000000E+000 2.129299879E+000
 1.754999995E+000 2.131999969E+000
 1.759999990E+000 2.134599924E+000
 1.764999986E+000 2.137399912E+000
 1.769999981E+000 2.139999866E+000
 1.774999976E+000 2.142599821E+000
 1.779999971E+000 2.145099878E+000
 1.784999967E+000 2.147599936E+000
 1.789999962E+000 2.150099993E+000
 1.794999957E+000 2.152600050E+000
 1.799999952E+000 2.155100107E+000
 1.804999948E+000 2.157799959E+000
 1.809999943E+000 2.160300016E+000
 1.815000057E+000 2.162699938E+000
 1.820000052E+000 2.164999962E+000
 1.825000048E+000 2.167600155E+000
 1.830000043E+000 2.169899940E+000
 1.835000038E+000 2.172299862E+000
 1.840000033E+000 2.174600124E+000
 1.845000029E+000 2.177200079E+000
 1.850000024E+000 2.179399967E+000
 1.855000019E+000 2.181699991E+000
 1.860000014E+000 2.184099913E+000
 1.865000010E+000 2.186300039E+000
 1.870000005E+000 2.188800097E+000
 1.875000000E+000 2.190999985E+000
 1.879999995E+000 2.193099976E+000
 1.884999990E+000 2.195499897E+000
 1.889999986E+000 2.197600126E+000
 1.894999981E+000 2.200000048E+000
 1.899999976E+000 2.201999903E+000
 1.904999971E+000 2.204300165E+000
 1.909999967E+000 2.206599951E+000
 1.914999962E+000 2.208699942E+000
 1.919999957E+000 2.210900068E+000
 1.924999952E+000 2.212800026E+000
 1.929999948E+000 2.215100050E+000
 1.934999943E+000 2.217200041E+000
 1.940000057E+000 2.219199896E+000
 1.945000052E+000 2.221400023E+000
 1.950000048E+000 2.223500013E+000
 1.955000043E+000 2.225399971E+000
 1.960000038E+000 2.227499962E+000
 1.965000033E+000 2.229599953E+000
 1.970000029E+000 2.231699944E+000
 1.975000024E+000 2.233500004E+000
 1.980000019E+000 2.235500097E+000
 1.985000014E+000 2.237499952E+000
 1.990000010E+000 2.239500046E+000
 1.995000005E+000 2.241499901E+000
 2.000000000E+000 2.243499994E+000
 2.005000114E+000 2.245199919E+000
 2.009999990E+000 2.247099876E+000
 2.015000105E+000 2.249000072E+000
 2.019999981E+000 2.250999928E+000
 2.025000095E+000 2.252799988E+000
 2.029999971E+000 2.254699945E+000
 2.035000086E+000 2.256500006E+000
 2.039999962E+000 2.258399963E+000
 2.045000076E+000 2.260200024E+000
 2.049999952E+000 2.261899948E+000
 2.055000067E+000 2.263900042E+000
 2.059999943E+000 2.265799999E+000
 2.065000057E+000 2.267499924E+000
 2.069999933E+000 2.269299984E+000
 2.075000048E+000 2.270900011E+000
 2.079999924E+000 2.272700071E+000
 2.085000038E+000 2.274600029E+000
 2.089999914E+000 2.276200056E+000
 2.095000029E+000 2.277899981E+000
 2.099999905E+000 2.279599905E+000
 2.105000019E+000 2.281399965E+000
 2.109999895E+000 2.283099890E+000
 2.115000010E+000 2.284600019E+000
 2.119999886E+000 2.286400080E+000
 2.125000000E+000 2.288100004E+000
 2.130000114E+000 2.289599895E+000
 2.134999990E+000 2.291300058E+000
 2.140000105E+000 2.292900085E+000
 2.144999981E+000 2.294600010E+000
 2.150000095E+000 2.296099901E+000
 2.154999971E+000 2.297799826E+000
 2.160000086E+000 2.299299955E+000
 2.164999962E+000 2.301000118E+000
 2.170000076E+000 2.302400112E+000
 2.174999952E+000 2.303999901E+000
 2.180000067E+000 2.305500031E+000
 2.184999943E+000 2.307099819E+000
 2.190000057E+000 2.308700085E+000
 2.194999933E+000 2.309999943E+000
 2.200000048E+000 2.311599970E+000
 2.204999924E+000 2.313199997E+000
 2.210000038E+000 2.314699888E+000
 2.214999914E+000 2.316099882E+000
 2.220000029E+000 2.317600012E+000
 2.224999905E+000 2.319100142E+000
 2.230000019E+000 2.320600033E+000
 2.234999895E+000 2.322099924E+000
 2.240000010E+000 2.323300123E+000
 2.244999886E+000 2.324700117E+000
 2.250000000E+000 2.326200008E+000
 2.255000114E+000 2.327600002E+000
 2.259999990E+000 2.328999996E+000
 2.265000105E+000 2.330399990E+000
 2.269999981E+000 2.331799984E+000
 2.275000095E+000 2.333199978E+000
 2.279999971E+000 2.334499836E+000
 2.285000086E+000 2.335900068E+000
 2.289999962E+000 2.337200165E+000
 2.295000076E+000 2.338500023E+000
 2.299999952E+000 2.339800119E+000
 2.305000067E+000 2.341400146E+000
 2.309999943E+000 2.342700005E+000
 2.315000057E+000 2.343899965E+000
 2.319999933E+000 2.345200062E+000
 2.325000048E+000 2.346400023E+000
 2.329999924E+000 2.347800016E+000
 2.335000038E+000 2.348999977E+000
 2.339999914E+000 2.350300074E+000
 2.345000029E+000 2.351700068E+000
 2.349999905E+000 2.352900028E+000
 2.355000019E+000 2.353999853E+000
 2.359999895E+000 2.355399847E+000
 2.365000010E+000 2.356499910E+000
 2.369999886E+000 2.357599974E+000
 2.375000000E+000 2.358999968E+000
 2.380000114E+000 2.360100031E+000
 2.384999990E+000 2.361399889E+000
 2.390000105E+000 2.362499952E+000
 2.394999981E+000 2.363800049E+000
 2.400000095E+000 2.365000010E+000
 2.404999971E+000 2.366100073E+000
 2.410000086E+000 2.367400169E+000
 2.414999962E+000 2.368399858E+000
 2.420000076E+000 2.369600058E+000
 2.424999952E+000 2.370800018E+000
 2.430000067E+000 2.371799946E+000
 2.434999943E+000 2.372900009E+000
 2.440000057E+000 2.374200106E+000
 2.444999933E+000 2.375300169E+000
 2.450000048E+000 2.376199961E+000
 2.454999924E+000 2.377399921E+000
 2.460000038E+000 2.378499985E+000
 2.464999914E+000 2.379699945E+000
 2.470000029E+000 2.380700111E+000
 2.474999905E+000 2.381900072E+000
 2.480000019E+000 2.382900000E+000
 2.484999895E+000 2.383999825E+000
 2.490000010E+000 2.384999990E+000
 2.494999886E+000 2.385900021E+000
 2.500000000E+000 2.387099981E+000
 2.505000114E+000 2.388200045E+000
 2.509999990E+000 2.389199972E+000
 2.515000105E+000 2.390199900E+000
 2.519999981E+000 2.391200066E+000
 2.525000095E+000 2.392199993E+000
 2.529999971E+000 2.393100023E+000
 2.535000086E+000 2.394099951E+000
 2.539999962E+000 2.394999981E+000
 2.545000076E+000 2.396199942E+000
 2.549999952E+000 2.397099972E+000
 2.555000067E+000 2.398000002E+000
 2.559999943E+000 2.398999929E+000
 2.565000057E+000 2.400099993E+000
 2.569999933E+000 2.400899887E+000
 2.575000048E+000 2.401900053E+000
 2.579999924E+000 2.402899981E+000
 2.585000038E+000 2.403699875E+000
 2.589999914E+000 2.404799938E+000
 2.595000029E+000 2.405699968E+000
 2.599999905E+000 2.406500101E+000
 2.605000019E+000 2.407500029E+000
 2.609999895E+000 2.408299923E+000
 2.615000010E+000 2.409300089E+000
 2.619999886E+000 2.410300016E+000
 2.625000000E+000 2.411000013E+000
 2.630000114E+000 2.411999941E+000
 2.634999990E+000 2.412799835E+000
 2.640000105E+000 2.413699865E+000
 2.644999981E+000 2.414700031E+000
 2.650000095E+000 2.415400028E+000
 2.654999971E+000 2.416300058E+000
 2.660000086E+000 2.417200089E+000
 2.664999962E+000 2.418099880E+000
 2.670000076E+000 2.418799877E+000
 2.674999952E+000 2.419700146E+000
 2.680000067E+000 2.420500040E+000
 2.684999943E+000 2.421400070E+000
 2.690000057E+000 2.422199965E+000
 2.694999933E+000 2.423099995E+000
 2.700000048E+000 2.423900127E+000
 2.704999924E+000 2.424499989E+000
 2.710000038E+000 2.425299883E+000
 2.714999914E+000 2.426100016E+000
 2.720000029E+000 2.426899910E+000
 2.724999905E+000 2.427700043E+000
 2.730000019E+000 2.428699970E+000
 2.734999895E+000 2.429399967E+000
 2.740000010E+000 2.430200100E+000
 2.744999886E+000 2.430899858E+000
 2.750000000E+000 2.431600094E+000
 2.755000114E+000 2.432399988E+000
 2.759999990E+000 2.433099985E+000
 2.765000105E+000 2.433900118E+000
 2.769999981E+000 2.434599876E+000
 2.775000095E+000 2.435300112E+000
 2.779999971E+000 2.435999870E+000
 2.785000086E+000 2.436899900E+000
 2.789999962E+000 2.437599897E+000
 2.795000076E+000 2.438199997E+000
 2.799999952E+000 2.438999891E+000
 2.805000067E+000 2.439699888E+000
 2.809999943E+000 2.440299988E+000
 2.815000057E+000 2.441099882E+000
 2.819999933E+000 2.441699982E+000
 2.825000048E+000 2.442499876E+000
 2.829999924E+000 2.443099976E+000
 2.835000038E+000 2.443899870E+000
 2.839999914E+000 2.444499969E+000
 2.845000029E+000 2.445199966E+000
 2.849999905E+000 2.445899963E+000
 2.855000019E+000 2.446500063E+000
 2.859999895E+000 2.447200060E+000
 2.865000010E+000 2.447900057E+000
 2.869999886E+000 2.448500156E+000
 2.875000000E+000 2.449100018E+000
 2.880000114E+000 2.449800014E+000
 2.884999990E+000 2.450399876E+000
 2.890000105E+000 2.450999975E+000
 2.894999981E+000 2.451699972E+000
 2.900000095E+000 2.452300072E+000
 2.904999971E+000 2.453000069E+000
 2.910000086E+000 2.453600168E+000
 2.914999962E+000 2.454099894E+000
 2.920000076E+000 2.454699993E+000
 2.924999952E+000 2.455300093E+000
 2.930000067E+000 2.455899954E+000
 2.934999943E+000 2.456500053E+000
 2.940000057E+000 2.457099915E+000
 2.944999933E+000 2.457700014E+000
 2.950000048E+000 2.458299875E+000
 2.954999924E+000 2.458800077E+000
 2.960000038E+000 2.459399939E+000
 2.964999914E+000 2.459900141E+000
 2.970000029E+000 2.460599899E+000
 2.974999905E+000 2.461199999E+000
 2.980000019E+000 2.461699963E+000
 2.984999895E+000 2.462299824E+000
 2.990000010E+000 2.462800026E+000
 2.994999886E+000 2.463399887E+000
 3.000000000E+000 2.463999987E+000
 3.005000114E+000 2.464400053E+000
 3.009999990E+000 2.464900017E+000
 3.015000105E+000 2.465600014E+000
 3.019999981E+000 2.466099977E+000
 3.025000095E+000 2.466500044E+000
 3.029999971E+000 2.467099905E+000
 3.035000086E+000 2.467599869E+000
 3.039999962E+000 2.468199968E+000
 3.045000076E+000 2.468600035E+000
 3.049999952E+000 2.469200134E+000
 3.055000067E+000 2.469700098E+000
 3.059999943E+000 2.470199823E+000
 3.065000057E+000 2.470600128E+000
 3.069999933E+000 2.471199989E+000
 3.075000048E+000 2.471599817E+000
 3.079999924E+000 2.472199917E+000
 3.085000038E+000 2.472699881E+000
 3.089999914E+000 2.473000050E+000
 3.095000029E+000 2.473599911E+000
 3.099999905E+000 2.474099874E+000
 3.105000019E+000 2.474499941E+000
 3.109999895E+000 2.474999905E+000
 3.115000010E+000 2.475499868E+000
 3.119999886E+000 2.475899935E+000
 3.125000000E+000 2.476200104E+000
 3.130000114E+000 2.476699829E+000
 3.134999990E+000 2.477200031E+000
 3.140000105E+000 2.477600098E+000
 3.144999981E+000 2.478099823E+000
 3.150000095E+000 2.478500128E+000
 3.154999971E+000 2.479000092E+000
 3.160000086E+000 2.479399920E+000
 3.164999962E+000 2.479900122E+000
 3.170000076E+000 2.480299950E+000
 3.174999952E+000 2.480700016E+000
 3.180000067E+000 2.481100082E+000
 3.184999943E+000 2.481499910E+000
 3.190000057E+000 2.481899977E+000
 3.194999933E+000 2.482300043E+000
 3.200000048E+000 2.482700109E+000
 3.204999924E+000 2.483000040E+000
 3.210000038E+000 2.483400106E+000
 3.214999914E+000 2.483900070E+000
 3.220000029E+000 2.484299898E+000
 3.224999905E+000 2.484700203E+000
 3.230000019E+000 2.485000134E+000
 3.234999895E+000 2.485500097E+000
 3.240000010E+000 2.485800028E+000
 3.244999886E+000 2.486099958E+000
 3.250000000E+000 2.486599922E+000
 3.255000114E+000 2.486899853E+000
 3.259999990E+000 2.487200022E+000
 3.265000105E+000 2.487600088E+000
 3.269999981E+000 2.487900019E+000
 3.275000095E+000 2.488399982E+000
 3.279999971E+000 2.488700151E+000
 3.285000086E+000 2.489000082E+000
 3.289999962E+000 2.489399910E+000
 3.295000076E+000 2.489799976E+000
 3.299999952E+000 2.490000010E+000
 3.305000067E+000 2.490400076E+000
 3.309999943E+000 2.490700006E+000
 3.315000057E+000 2.491099834E+000
 3.319999933E+000 2.491300106E+000
 3.325000048E+000 2.491699934E+000
 3.329999924E+000 2.492100000E+000
 3.335000038E+000 2.492300034E+000
 3.339999914E+000 2.492599964E+000
 3.345000029E+000 2.493000031E+000
 3.349999905E+000 2.493299961E+000
 3.355000019E+000 2.493499994E+000
 3.359999895E+000 2.493799925E+000
 3.365000010E+000 2.494100094E+000
 3.369999886E+000 2.494499922E+000
 3.375000000E+000 2.494799852E+000
 3.380000114E+000 2.495100021E+000
 3.384999990E+000 2.495300055E+000
 3.390000105E+000 2.495500088E+000
 3.394999981E+000 2.495899916E+000
 3.400000095E+000 2.496099949E+000
 3.404999971E+000 2.496399879E+000
 3.410000086E+000 2.496700048E+000
 3.414999962E+000 2.496999979E+000
 3.420000076E+000 2.497200012E+000
 3.424999952E+000 2.497499943E+000
 3.430000067E+000 2.497699976E+000
 3.434999943E+000 2.498000145E+000
 3.440000057E+000 2.498399973E+000
 3.444999933E+000 2.498600006E+000
 3.450000048E+000 2.498800039E+000
 3.454999924E+000 2.498999834E+000
 3.460000038E+000 2.499300003E+000
 3.464999914E+000 2.499500036E+000
 3.470000029E+000 2.499799967E+000
 3.474999905E+000 2.500000000E+000
 3.480000019E+000 2.500200033E+000
 3.484999895E+000 2.500400066E+000
 3.490000010E+000 2.500699997E+000
 3.494999886E+000 2.500900030E+000
 3.500000000E+000 2.501100063E+000
 3.505000114E+000 2.501399994E+000
 3.509999990E+000 2.501499891E+000
 3.515000105E+000 2.501800060E+000
 3.519999981E+000 2.502000093E+000
 3.525000095E+000 2.502099991E+000
 3.529999971E+000 2.502399921E+000
 3.535000086E+000 2.502599955E+000
 3.539999962E+000 2.502799988E+000
 3.545000076E+000 2.502899885E+000
 3.549999952E+000 2.503200054E+000
 3.555000067E+000 2.503299952E+000
 3.559999943E+000 2.503600121E+000
 3.565000057E+000 2.503799915E+000
 3.569999933E+000 2.503900051E+000
 3.575000048E+000 2.504099846E+000
 3.579999924E+000 2.504400015E+000
 3.585000038E+000 2.504500151E+000
 3.589999914E+000 2.504699945E+000
 3.595000029E+000 2.504899979E+000
 3.599999905E+000 2.504999876E+000
 3.605000019E+000 2.505199909E+000
 3.609999895E+000 2.505399942E+000
 3.615000010E+000 2.505499840E+000
 3.619999886E+000 2.505599976E+000
 3.625000000E+000 2.505800009E+000
 3.630000114E+000 2.506000042E+000
 3.634999990E+000 2.506099939E+000
 3.640000105E+000 2.506299973E+000
 3.644999981E+000 2.506500006E+000
 3.650000095E+000 2.506599903E+000
 3.654999971E+000 2.506799936E+000
 3.660000086E+000 2.506900072E+000
 3.664999962E+000 2.507100105E+000
 3.670000076E+000 2.507200003E+000
 3.674999952E+000 2.507300138E+000
 3.680000067E+000 2.507499933E+000
 3.684999943E+000 2.507600069E+000
 3.690000057E+000 2.507699966E+000
 3.694999933E+000 2.507799864E+000
 3.700000048E+000 2.507900000E+000
 3.704999924E+000 2.507999897E+000
 3.710000038E+000 2.508100033E+000
 3.714999914E+000 2.508200169E+000
 3.720000029E+000 2.508300066E+000
 3.724999905E+000 2.508500099E+000
 3.730000019E+000 2.508599997E+000
 3.734999895E+000 2.508599997E+000
 3.740000010E+000 2.508700132E+000
 3.744999886E+000 2.508899927E+000
 3.750000000E+000 2.509000063E+000
 3.755000114E+000 2.509000063E+000
 3.759999990E+000 2.509199858E+000
 3.765000105E+000 2.509199858E+000
 3.769999981E+000 2.509299994E+000
 3.775000095E+000 2.509500027E+000
 3.779999971E+000 2.509500027E+000
 3.785000086E+000 2.509500027E+000
 3.789999962E+000 2.509700060E+000
 3.795000076E+000 2.509700060E+000
 3.799999952E+000 2.509799957E+000
 3.805000067E+000 2.509900093E+000
 3.809999943E+000 2.509999990E+000
 3.815000057E+000 2.509999990E+000
 3.819999933E+000 2.510099888E+000
 3.825000048E+000 2.510099888E+000
 3.829999924E+000 2.510200024E+000
 3.835000038E+000 2.510200024E+000
 3.839999914E+000 2.510299921E+000
 3.845000029E+000 2.510400057E+000
 3.849999905E+000 2.510400057E+000
 3.855000019E+000 2.510499954E+000
 3.859999895E+000 2.510499954E+000
 3.865000010E+000 2.510499954E+000
 3.869999886E+000 2.510599852E+000
 3.875000000E+000 2.510599852E+000
 3.880000114E+000 2.510599852E+000
 3.884999990E+000 2.510699987E+000
 3.890000105E+000 2.510699987E+000
 3.894999981E+000 2.510800123E+000
 3.900000095E+000 2.510800123E+000
 3.904999971E+000 2.510800123E+000
 3.910000086E+000 2.510800123E+000
 3.914999962E+000 2.510800123E+000
 3.920000076E+000 2.510900021E+000
 3.924999952E+000 2.510900021E+000
 3.930000067E+000 2.511000156E+000
 3.934999943E+000 2.511000156E+000
 3.940000057E+000 2.511000156E+000
 3.944999933E+000 2.511000156E+000
 3.950000048E+000 2.511000156E+000
 3.954999924E+000 2.511000156E+000
 3.960000038E+000 2.511000156E+000
 3.964999914E+000 2.511000156E+000
 3.970000029E+000 2.511000156E+000
 3.974999905E+000 2.511000156E+000
 3.980000019E+000 2.511000156E+000
 3.984999895E+000 2.511000156E+000
 3.990000010E+000 2.511000156E+000
 3.994999886E+000 2.510900021E+000
 4.000000000E+000 2.510900021E+000
 4.005000114E+000 2.510900021E+000
 4.010000229E+000 2.510900021E+000
 4.014999866E+000 2.510900021E+000
 4.019999981E+000 2.510800123E+000
 4.025000095E+000 2.510800123E+000
 4.030000210E+000 2.510699987E+000
 4.034999847E+000 2.510800123E+000
 4.039999962E+000 2.510800123E+000
 4.045000076E+000 2.510699987E+000
 4.050000191E+000 2.510699987E+000
 4.054999828E+000 2.510699987E+000
 4.059999943E+000 2.510599852E+000
 4.065000057E+000 2.510599852E+000
 4.070000172E+000 2.510499954E+000
 4.074999809E+000 2.510400057E+000
 4.079999924E+000 2.510499954E+000
 4.085000038E+000 2.510400057E+000
 4.090000153E+000 2.510400057E+000
 4.094999790E+000 2.510299921E+000
 4.099999905E+000 2.510299921E+000
 4.105000019E+000 2.510200024E+000
 4.110000134E+000 2.510099888E+000
 4.114999771E+000 2.510099888E+000
 4.119999886E+000 2.509999990E+000
 4.125000000E+000 2.509900093E+000
 4.130000114E+000 2.509900093E+000
 4.135000229E+000 2.509799957E+000
 4.139999866E+000 2.509799957E+000
 4.144999981E+000 2.509600163E+000
 4.150000095E+000 2.509600163E+000
 4.155000210E+000 2.509600163E+000
 4.159999847E+000 2.509399891E+000
 4.164999962E+000 2.509399891E+000
 4.170000076E+000 2.509299994E+000
 4.175000191E+000 2.509199858E+000
 4.179999828E+000 2.509099960E+000
 4.184999943E+000 2.509099960E+000
 4.190000057E+000 2.509000063E+000
 4.195000172E+000 2.508800030E+000
 4.199999809E+000 2.508800030E+000
 4.204999924E+000 2.508700132E+000
 4.210000038E+000 2.508599997E+000
 4.215000153E+000 2.508500099E+000
 4.219999790E+000 2.508399963E+000
 4.224999905E+000 2.508300066E+000
 4.230000019E+000 2.508200169E+000
 4.235000134E+000 2.508100033E+000
 4.239999771E+000 2.507999897E+000
 4.244999886E+000 2.507900000E+000
 4.250000000E+000 2.507799864E+000
 4.255000114E+000 2.507699966E+000
 4.260000229E+000 2.507499933E+000
 4.264999866E+000 2.507400036E+000
 4.269999981E+000 2.507200003E+000
 4.275000095E+000 2.507100105E+000
 4.280000210E+000 2.506999969E+000
 4.284999847E+000 2.506900072E+000
 4.289999962E+000 2.506799936E+000
 4.295000076E+000 2.506700039E+000
 4.300000191E+000 2.506599903E+000
 4.304999828E+000 2.506500006E+000
 4.309999943E+000 2.506299973E+000
 4.315000057E+000 2.506200075E+000
 4.320000172E+000 2.506000042E+000
 4.324999809E+000 2.505900145E+000
 4.329999924E+000 2.505700111E+000
 4.335000038E+000 2.505599976E+000
 4.340000153E+000 2.505499840E+000
 4.344999790E+000 2.505300045E+000
 4.349999905E+000 2.505199909E+000
 4.355000019E+000 2.504999876E+000
 4.360000134E+000 2.504899979E+000
 4.364999771E+000 2.504800081E+000
 4.369999886E+000 2.504600048E+000
 4.375000000E+000 2.504400015E+000
 4.380000114E+000 2.504300117E+000
 4.385000229E+000 2.504099846E+000
 4.389999866E+000 2.503900051E+000
 4.394999981E+000 2.503799915E+000
 4.400000095E+000 2.503600121E+000
 4.405000210E+000 2.503400087E+000
 4.409999847E+000 2.503299952E+000
 4.414999962E+000 2.503100157E+000
 4.420000076E+000 2.503000021E+000
 4.425000191E+000 2.502799988E+000
 4.429999828E+000 2.502599955E+000
 4.434999943E+000 2.502500057E+000
 4.440000057E+000 2.502200127E+000
 4.445000172E+000 2.502099991E+000
 4.449999809E+000 2.501899958E+000
 4.454999924E+000 2.501700163E+000
 4.460000038E+000 2.501499891E+000
 4.465000153E+000 2.501399994E+000
 4.469999790E+000 2.501199961E+000
 4.474999905E+000 2.500999928E+000
 4.480000019E+000 2.500900030E+000
 4.485000134E+000 2.500600100E+000
 4.489999771E+000 2.500400066E+000
 4.494999886E+000 2.500200033E+000
 4.500000000E+000 2.500099897E+000
 4.505000114E+000 2.499899864E+000
 4.510000229E+000 2.499599934E+000
 4.514999866E+000 2.499500036E+000
 4.519999981E+000 2.499300003E+000
 4.525000095E+000 2.498999834E+000
 4.530000210E+000 2.498800039E+000
 4.534999847E+000 2.498600006E+000
 4.539999962E+000 2.498399973E+000
 4.545000076E+000 2.498199940E+000
 4.550000191E+000 2.498000145E+000
 4.554999828E+000 2.497800112E+000
 4.559999943E+000 2.497599840E+000
 4.565000057E+000 2.497299910E+000
 4.570000172E+000 2.497100115E+000
 4.574999809E+000 2.496900082E+000
 4.579999924E+000 2.496700048E+000
 4.585000038E+000 2.496500015E+000
 4.590000153E+000 2.496199846E+000
 4.594999790E+000 2.496000051E+000
 4.599999905E+000 2.495800018E+000
 4.605000019E+000 2.495599985E+000
 4.610000134E+000 2.495300055E+000
 4.614999771E+000 2.495100021E+000
 4.619999886E+000 2.494899988E+000
 4.625000000E+000 2.494699955E+000
 4.630000114E+000 2.494400024E+000
 4.635000229E+000 2.494199991E+000
 4.639999866E+000 2.493900061E+000
 4.644999981E+000 2.493700027E+000
 4.650000095E+000 2.493499994E+000
 4.655000210E+000 2.493200064E+000
 4.659999847E+000 2.493000031E+000
 4.664999962E+000 2.492700100E+000
 4.670000076E+000 2.492499828E+000
 4.675000191E+000 2.492199898E+000
 4.679999828E+000 2.491999865E+000
 4.684999943E+000 2.491699934E+000
 4.690000057E+000 2.491400003E+000
 4.695000172E+000 2.491199970E+000
 4.699999809E+000 2.490999937E+000
 4.704999924E+000 2.490700006E+000
 4.710000038E+000 2.490499973E+000
 4.715000153E+000 2.490200043E+000
 4.719999790E+000 2.489899874E+000
 4.724999905E+000 2.489699841E+000
 4.730000019E+000 2.489399910E+000
 4.735000134E+000 2.489099979E+000
 4.739999771E+000 2.488800049E+000
 4.744999886E+000 2.488600016E+000
 4.750000000E+000 2.488399982E+000
 4.755000114E+000 2.487999916E+000
 4.760000229E+000 2.487800121E+000
 4.764999866E+000 2.487499952E+000
 4.769999981E+000 2.487200022E+000
 4.775000095E+000 2.486899853E+000
 4.780000210E+000 2.486700058E+000
 4.784999847E+000 2.486400127E+000
 4.789999962E+000 2.486099958E+000
 4.795000076E+000 2.485899925E+000
 4.800000191E+000 2.485500097E+000
 4.804999828E+000 2.485199928E+000
 4.809999943E+000 2.485000134E+000
 4.815000057E+000 2.484700203E+000
 4.820000172E+000 2.484400034E+000
 4.824999809E+000 2.484100103E+000
 4.829999924E+000 2.483799934E+000
 4.835000038E+000 2.483500004E+000
 4.840000153E+000 2.483199835E+000
 4.844999790E+000 2.482899904E+000
 4.849999905E+000 2.482599974E+000
 4.855000019E+000 2.482300043E+000
 4.860000134E+000 2.481999874E+000
 4.864999771E+000 2.481699944E+000
 4.869999886E+000 2.481400013E+000
 4.875000000E+000 2.481100082E+000
 4.880000114E+000 2.480800152E+000
 4.885000229E+000 2.480499983E+000
 4.889999866E+000 2.480200052E+000
 4.894999981E+000 2.479900122E+000
 4.900000095E+000 2.479599953E+000
 4.905000210E+000 2.479300022E+000
 4.909999847E+000 2.478899956E+000
 4.914999962E+000 2.478699923E+000
 4.920000076E+000 2.478300095E+000
 4.925000191E+000 2.477999926E+000
 4.929999828E+000 2.477699995E+000
 4.934999943E+000 2.477299929E+000
 4.940000057E+000 2.476999998E+000
 4.945000172E+000 2.476699829E+000
 4.949999809E+000 2.476399899E+000
 4.954999924E+000 2.476000071E+000
 4.960000038E+000 2.475700140E+000
 4.965000153E+000 2.475399971E+000
 4.969999790E+000 2.475100040E+000
 4.974999905E+000 2.474699974E+000
 4.980000019E+000 2.474400043E+000
 4.985000134E+000 2.474099874E+000
 4.989999771E+000 2.473799944E+000
 4.994999886E+000 2.473500013E+000
 5.000000000E+000 2.473099947E+000
 5.005000114E+000 2.472699881E+000
 5.010000229E+000 2.472399950E+000
 5.014999866E+000 2.472100019E+000
 5.019999981E+000 2.471700191E+000
 5.025000095E+000 2.471400023E+000
